59
57
81
14
77
97
70
2
7
1
41
61
51
69
86
27
77
86
13
53
81
25
5
59
51
40
24
65
6
82
12
100
2
77
18
16
58
10
18
5
42
98
77
58
81
38
3
49
82
18
33
82
45
36
81
73
68
37
30
94
39
72
91
16
49
44
65
15
100
44
57
2
33
4
93
15
78
7
76
64
13
23
43
96
95
9
62
49
13
18
97
35
91
28
70
96
97
76
56
80
43
92
44
56
47
56
62
11
88
74
17
56
2
8
83
11
40
91
29
93
49
53
18
94
76
71
88
74
0
42
6
26
86
26
25
94
17
45
25
76
99
45
84
86
82
10
3
4
94
84
0
16
65
38
54
98
19
68
8
50
69
28
40
56
7
54
52
40
89
71
86
4
0
50
93
6
56
51
91
66
49
1
31
5
42
29
28
51
75
22
63
5
66
78
85
84
57
57
94
58
35
82
25
95
77
35
48
15
97
46
50
61
95
89
5
2
24
10
13
19
51
3
93
47
59
8
79
34
33
6
8
41
17
84
60
6
82
65
36
62
55
86
7
63
15
75
76
31
65
72
84
59
21
25
67
94
66
58
68
73
66
39
64
5
13
22
48
46
2
93
63
9
57
16
90
83
59
86
75
48
46
57
38
24
70
67
88
23
20
87
65
24
22
31
72
52
89
98
91
26
86
81
46
36
93
23
41
66
57
70
40
8
14
9
26
95
53
48
39
10
19
98
79
9
99
79
24
88
21
64
53
81
14
29
55
88
40
14
20
50
53
60
22
25
70
91
43
73
3
35
65
56
87
49
18
89
92
5
3
32
34
68
17
77
83
98
34
48
94
57
23
94
75
97
43
27
78
85
28
55
11
77
31
100
1
21
52
100
84
19
48
92
68
73
10
22
54
5
33
6
15
16
67
5
81
11
81
89
98
30
75
79
84
24
55
23
38
58
56
17
69
96
17
88
98
43
61
4
45
7
59
80
18
80
33
38
22
28
68
41
46
33
73
77
82
96
19
5
61
74
18
5
97
0
70
47
5
27
71
81
40
52
42
36
5
97
4
39
79
13
97
65
16
79
98
5
30
85
29
47
45
0
33
98
100
30
12
80
67
83
79
36
12
2
64
22
98
97
35
40
75
36
6
67
23
56
5
82
64
19
86
65
98
70
55
79
65
52
8
56
24
10
44
66
97
96
64
60
80
35
44
14
90
68
54
30
20
28
50
56
73
95
38
34
12
18
76
4
37
71
57
76
3
80
38
35
19
81
51
39
36
48
35
27
70
21
93
24
44
40
91
11
72
43
53
79
4
70
36
55
43
73
54
54
37
98
9
9
41
31
89
61
54
41
69
84
5
59
46
79
0
48
76
79
3
51
4
60
70
12
29
13
82
48
7
2
44
79
62
70
67
36
24
29
15
33
86
75
20
70
16
86
68
0
61
72
100
94
68
40
7
81
0
86
68
5
51
31
32
3
21
56
43
14
10
97
8
31
32
29
6
96
21
57
69
48
33
7
29
46
9
74
62
16
14
49
61
13
69
37
59
18
62
31
45
30
48
0
35
69
35
30
91
39
95
62
36
16
38
24
15
94
22
49
72
78
20
43
10
37
42
3
83
61
55
23
17
57
12
4
67
11
6
78
81
60
5
24
33
2
10
91
60
73
86
6
7
39
14
27
13
31
83
2
65
66
11
40
8
18
76
88
13
7
49
62
47
45
42
87
89
91
90
66
36
98
13
78
36
27
84
1
17
72
10
19
44
86
35
19
42
23
6
56
89
87
15
8
69
70
99
56
70
81
44
78
70
87
39
32
87
34
83
37
74
81
72
64
76
89
11
77
43
30
94
50
34
3
52
46
26
32
76
38
70
2
14
92
84
33
33
36
87
13
4
68
38
16
93
57
76
15
61
100
48
92
49
90
24
59
65
97
13
72
28
44
18
9
95
2
38
30
25
7
1
36
1
60
89
47
27
11
29
48
56
20
56
55
69
35
74
81
62
3
17
91
80
9
93
57
18
14
54
18
83
84
10
54
93
24
51
51
35
75
83
97
41
66
53
31
71
24
40
10
95
57
6
17
82
81
28
61
26
63
63
44
43
8
57
22
78
76
66
36
11
39
60
48
50
27
94
92
55
92
58
72
1
64
96
13
52
1
28
14
32
96
41
25
47
54
66
97
5
49
21
5
77
3
96
16
91
12
100
51
54
87
62
8
87
81
44
90
53
52
57
15
89
92
55
50
49
96
71
94
19
18
53
89
21
38
